8
0.285
0.702
0.546
0.542
1.691
1.347
0.412
1.714
1.007
1.215
0.344
0.937
1.069
1.310
1.167
0.534
1.636
0.138
1.329
0.258
0.927
0.736
0.229
0.311
1.276
1.308
1.773
1.637
0.265
0.567
1.234
1.469
0.500
0.537
0.581
0.996
0.502
1.334
0.563
0.865
0.137
0.456
0.874
1.933
0.469
0.669
0.515
0.305
0.209
0.898
0.526
1.566
1.323
1.854
1.447
1.424
0.562
1.637
0.824
1.622
0.632
0.183
0.387
0.275
1.460
1.451
1.469
1.968
0.010
1.986
1.068
1.114
1.804
0.082
1.128
1.977
0.547
1.041
1.518
0.533
0.326
1.481
0.027
1.293
0.747
1.912
0.082
1.514
1.731
1.148
0.580
0.456
0.337
0.159
0.506
0.660
0.462
1.001
0.847
1.234
